  -6.4162805e+00   4.6196622e+00   0.0000000e+00
  -1.1644773e+01   1.3345872e+00   0.0000000e+00
   4.5096573e+00   3.2083075e+00   0.0000000e+00
  -9.1781934e+00   2.1274268e+00   1.0000000e+00
   3.3378456e-01  -6.5736175e+00   0.0000000e+00
   1.7739743e-01  -2.0820561e+00   0.0000000e+00
   1.1135840e+01   6.1234391e+00   0.0000000e+00
  -3.4607127e-01  -2.1792103e-01   1.0000000e+00
  -2.5366153e+00   2.9121164e+00   1.0000000e+00
   1.1790484e+00  -5.0325004e+00   1.0000000e+00
   1.2290243e+00   3.2258371e-01   1.0000000e+00
   3.5022605e-01   3.0014597e+00   1.0000000e+00
  -3.0429026e+00  -6.8075748e+00   0.0000000e+00
  -6.1129669e+00   1.7379632e+00   1.0000000e+00
   1.5825018e+00  -9.0921609e-01   0.0000000e+00
  -6.7143462e+00  -4.6976738e+00   0.0000000e+00
  -5.1609217e+00  -1.8766594e-01   1.0000000e+00
   6.6560794e+00  -9.4815225e+00   1.0000000e+00
  -2.0945160e+00  -1.0639884e+01   0.0000000e+00
  -7.0160861e-01  -5.8846167e+00   0.0000000e+00
   4.4991116e+00  -4.9526611e+00   1.0000000e+00
  -1.5005550e+00  -5.8651616e+00   0.0000000e+00
   5.1468286e+00  -8.6271389e+00   1.0000000e+00
  -1.7253299e+00   1.4411404e+00   0.0000000e+00
   5.0640093e+00  -7.9709186e+00   1.0000000e+00
   3.1466729e+00   5.5109425e-01   0.0000000e+00
  -1.0650754e+00   3.9353334e+00   0.0000000e+00
  -4.3284865e+00  -1.1133932e-02   0.0000000e+00
  -5.2155415e+00   4.6554380e-01   1.0000000e+00
  -1.3503441e+00  -1.8907853e+00   0.0000000e+00
  -2.1907068e+00  -7.4133806e+00   0.0000000e+00
  -2.0433716e+00  -2.1909293e-01   0.0000000e+00
   4.9177262e+00   4.8041261e+00   0.0000000e+00
  -1.4884857e+00   8.6912247e+00   1.0000000e+00
   5.7183946e+00  -2.1510312e+00   0.0000000e+00
  -2.6581006e+00  -8.1366137e+00   0.0000000e+00
   4.8628286e+00   8.3173746e-01   0.0000000e+00
  -2.6112524e+00   1.8813296e+00   0.0000000e+00
   8.8288897e-01  -1.1347523e+00   1.0000000e+00
   4.8536891e+00  -5.7445614e+00   1.0000000e+00
  -2.0698614e+00   1.0121663e+01   0.0000000e+00
  -2.1913526e+00  -1.1797618e+01   0.0000000e+00
   1.0016953e+01  -2.5498602e+00   1.0000000e+00
   4.7549675e+00  -6.6081280e+00   0.0000000e+00
  -2.1600192e+00  -3.1806412e+00   1.0000000e+00
   3.2447037e+00   1.5892571e+00   1.0000000e+00
  -1.8003815e+00   6.9023987e-01   0.0000000e+00
   3.5294251e+00  -3.5536754e+00   0.0000000e+00
   7.0792453e+00   3.8850176e+00   1.0000000e+00
  -8.0225783e+00   3.1119696e+00   0.0000000e+00
   5.1442653e+00   3.2369044e+00   0.0000000e+00
   7.2898389e+00  -2.1281584e+00   1.0000000e+00
   2.3735662e-01   5.2429038e+00   1.0000000e+00
   8.7312836e+00   3.3035354e+00   0.0000000e+00
   7.7693757e-01   1.2543862e+01   1.0000000e+00
  -6.1855984e+00   5.3172982e+00   0.0000000e+00
  -1.0967471e+01   5.7846083e+00   1.0000000e+00
  -1.6670353e+00   2.6489414e-01   1.0000000e+00
   3.5677165e+00  -6.4419300e+00   0.0000000e+00
   1.5870387e+00  -1.8561062e+00   0.0000000e+00
   2.0680520e+00  -3.7889596e+00   0.0000000e+00
  -2.8854279e+00  -2.8198446e+00   0.0000000e+00
   7.2000901e-01   2.7756928e+00   1.0000000e+00
  -8.1933286e+00  -2.7838903e+00   0.0000000e+00
  -3.8004500e+00  -4.4755657e+00   1.0000000e+00
  -4.0939655e+00  -2.0466386e+00   1.0000000e+00
   2.5986444e+00  -8.0443383e-01   1.0000000e+00
  -7.0800295e-02   2.0466722e+00   0.0000000e+00
  -5.7776468e+00  -4.7631800e+00   0.0000000e+00
  -4.7624580e-02   1.5865874e+00   1.0000000e+00
  -3.4490527e+00   3.9010040e-01   0.0000000e+00
  -3.3334958e+00   6.6219272e+00   0.0000000e+00
   4.3207471e+00  -1.0658524e+00   1.0000000e+00
   5.6709718e-01  -6.7239322e-01   1.0000000e+00
   1.9918142e+00  -5.8567791e+00   1.0000000e+00
   4.4198495e+00  -6.9263134e+00   0.0000000e+00
   9.0128847e-01   1.5525416e+00   0.0000000e+00
   2.7542726e+00  -1.2474453e+00   1.0000000e+00
   3.4148214e+00   2.5187203e+00   0.0000000e+00
   5.8530433e+00  -4.4633070e+00   0.0000000e+00
   2.3793029e+00   9.5425617e+00   1.0000000e+00
   7.0611634e+00   6.1115350e-01   0.0000000e+00
   1.1304242e-01   5.2351663e+00   1.0000000e+00
  -2.3934705e-01  -1.1346010e+00   1.0000000e+00
   8.5066733e+00  -8.1250971e-01   0.0000000e+00
  -2.5485586e+00   3.4502595e+00   0.0000000e+00
  -1.4274801e-02   2.7787839e+00   1.0000000e+00
   4.5993354e+00  -5.6012750e+00   1.0000000e+00
   7.4904366e-01  -7.6634651e+00   1.0000000e+00
   7.0246672e+00  -5.4893388e+00   0.0000000e+00
   5.1706077e+00  -7.0788666e+00   1.0000000e+00
   1.4578514e+00   2.9785294e-01   1.0000000e+00
  -3.8884927e+00  -2.0562546e+00   1.0000000e+00
   2.8334805e+00  -1.8400537e+00   0.0000000e+00
  -6.9131058e+00  -6.8048156e+00   0.0000000e+00
   1.2223734e+00   3.8978371e+00   0.0000000e+00
   4.0421940e+00   2.1970556e+00   1.0000000e+00
   1.0652085e+00  -4.4811242e-01   1.0000000e+00
   4.3983858e+00   5.1059006e+00   1.0000000e+00
   1.0194381e+01  -4.3698973e+00   0.0000000e+00
